0.000000 0.000000 0.000000 0.000000 0.000000 0.000000 0.000000 0.000000 0.000000 0.000000 0.000000 0.000000 0.000000 0.000000 0.000000 0.000000 0.000000 0.000000 0.000000 0.000000 0.000000 0.000000 0.000000 0.000000 0.000000 0.000000 0.000000 0.000000 0.000000 0.000000 0.000000 0.000000 0.000000 0.000000 0.000000 0.000000 0.000000 0.000000 0.000000 0.000000 0.000000 0.000000 0.000000 0.000000 0.000000 0.000000 0.000000 0.000000 0.000000 0.000000 0.000000 
0.000000 0.016780 0.033560 0.050339 0.067112 0.083869 0.100597 0.117272 0.133862 0.150327 0.166614 0.182656 0.198376 0.213682 0.228470 0.242624 0.256018 0.268517 0.279982 0.290274 0.299257 0.306803 0.312802 0.317158 0.319800 0.320686 0.319800 0.317158 0.312802 0.306803 0.299257 0.290274 0.279982 0.268517 0.256018 0.242624 0.228470 0.213682 0.198376 0.182656 0.166614 0.150327 0.133862 0.117272 0.100597 0.083869 0.067112 0.050339 0.033560 0.016780 0.000000 
0.000000 0.033560 0.067122 0.100684 0.134238 0.167769 0.201246 0.234627 0.267850 0.300833 0.333471 0.365634 0.397165 0.427882 0.457574 0.486009 0.512931 0.538067 0.561137 0.581857 0.599949 0.615156 0.627246 0.636028 0.641357 0.643144 0.641357 0.636028 0.627246 0.615156 0.599949 0.581857 0.561137 0.538067 0.512931 0.486009 0.457574 0.427882 0.397165 0.365634 0.333471 0.300833 0.267850 0.234627 0.201246 0.167769 0.134238 0.100684 0.067122 0.033560 0.000000 
0.000000 0.050339 0.100684 0.151037 0.201389 0.251721 0.301992 0.352141 0.402079 0.451685 0.500804 0.549244 0.596769 0.643106 0.687937 0.730907 0.771628 0.809685 0.844643 0.876067 0.903528 0.926625 0.944999 0.958352 0.966457 0.969175 0.966457 0.958352 0.944999 0.926625 0.903528 0.876067 0.844643 0.809685 0.771628 0.730907 0.687937 0.643106 0.596769 0.549244 0.500804 0.451685 0.402079 0.352141 0.301992 0.251721 0.201389 0.151037 0.100684 0.050339 0.000000 
0.000000 0.067112 0.134238 0.201389 0.268562 0.335734 0.402861 0.469866 0.536639 0.603023 0.668817 0.733767 0.797563 0.859835 0.920160 0.978055 1.032992 1.084400 1.131685 1.174240 1.211471 1.242817 1.267775 1.285924 1.296945 1.300642 1.296945 1.285924 1.267775 1.242817 1.211471 1.174240 1.131685 1.084400 1.032992 0.978055 0.920160 0.859835 0.797563 0.733767 0.668817 0.603023 0.536639 0.469866 0.402861 0.335734 0.268562 0.201389 0.134238 0.067112 0.000000 
0.000000 0.083869 0.167769 0.251721 0.335734 0.419792 0.503850 0.587825 0.671587 0.754952 0.837675 0.919446 0.999879 1.078513 1.154812 1.228162 1.297883 1.363240 1.423457 1.477738 1.525299 1.565397 1.597360 1.620623 1.634759 1.639502 1.634759 1.620623 1.597360 1.565397 1.525299 1.477738 1.423457 1.363240 1.297883 1.228162 1.154812 1.078513 0.999879 0.919446 0.837675 0.754952 0.671587 0.587825 0.503850 0.419792 0.335734 0.251721 0.167769 0.083869 0.000000 
0.000000 0.100597 0.201246 0.301992 0.402861 0.503851 0.604924 0.705998 0.806932 0.907522 1.007487 1.106463 1.203994 1.299528 1.392413 1.481897 1.567141 1.647222 1.721164 1.787956 1.846593 1.896113 1.935644 1.964450 1.981968 1.987847 1.981968 1.964450 1.935644 1.896113 1.846593 1.787956 1.721164 1.647222 1.567141 1.481897 1.392413 1.299528 1.203994 1.106463 1.007487 0.907522 0.806932 0.705998 0.604924 0.503851 0.402861 0.301992 0.201246 0.100597 0.000000 
0.000000 0.117272 0.234627 0.352141 0.469866 0.587825 0.705998 0.824310 0.942622 1.060717 1.178288 1.294925 1.410107 1.523193 1.633414 1.739875 1.841560 1.937345 2.026021 2.106330 2.177003 2.236817 2.284655 2.319565 2.340816 2.347952 2.340816 2.319565 2.284655 2.236817 2.177003 2.106330 2.026021 1.937345 1.841560 1.739875 1.633414 1.523193 1.410107 1.294925 1.178288 1.060717 0.942622 0.824310 0.705998 0.587825 0.469866 0.352141 0.234627 0.117272 0.000000 
0.000000 0.133862 0.267850 0.402079 0.536639 0.671587 0.806932 0.942622 1.078529 1.214437 1.350022 1.484842 1.618318 1.749724 1.878176 2.002630 2.121880 2.234576 2.339248 2.434341 2.518272 2.589499 2.646596 2.688338 2.713782 2.722331 2.713782 2.688338 2.646596 2.589499 2.518272 2.434341 2.339248 2.234576 2.121880 2.002630 1.878176 1.749724 1.618318 1.484842 1.350022 1.214437 1.078529 0.942622 0.806932 0.671587 0.536639 0.402079 0.267850 0.133862 0.000000 
0.000000 0.150327 0.300833 0.451685 0.603023 0.754952 0.907522 1.060717 1.214437 1.368480 1.522523 1.676104 1.828599 1.979209 2.126938 2.270588 2.408754 2.539834 2.662055 2.773514 2.872247 2.956312 3.023892 3.073411 3.103643 3.113809 3.103643 3.073411 3.023892 2.956312 2.872247 2.773514 2.662055 2.539834 2.408754 2.270588 2.126938 1.979209 1.828599 1.676104 1.522523 1.368480 1.214437 1.060717 0.907522 0.754952 0.603023 0.451685 0.300833 0.150327 0.000000 
0.000000 0.166614 0.333471 0.500804 0.668817 0.837675 1.007487 1.178288 1.350022 1.522523 1.695487 1.868451 2.040767 2.211575 2.379780 2.544032 2.702716 2.853953 2.995624 3.125415 3.240892 3.339612 3.419252 3.477772 3.513570 3.525621 3.513570 3.477772 3.419252 3.339612 3.240892 3.125415 2.995624 2.853953 2.702716 2.544032 2.379780 2.211575 2.040767 1.868451 1.695487 1.522523 1.350022 1.178288 1.007487 0.837675 0.668817 0.500804 0.333471 0.166614 0.000000 
0.000000 0.182656 0.365634 0.549244 0.733767 0.919446 1.106463 1.294925 1.484842 1.676104 1.868451 2.061447 2.254443 2.446545 2.636576 2.823045 3.004125 3.177638 3.341074 3.491631 3.626297 3.741991 3.835732 3.904856 3.947247 3.961535 3.947247 3.904856 3.835732 3.741991 3.626297 3.491631 3.341074 3.177638 3.004125 2.823045 2.636576 2.446545 2.254443 2.061447 1.868451 1.676104 1.484842 1.294925 1.106463 0.919446 0.733767 0.549244 0.365634 0.182656 0.000000 
0.000000 0.198376 0.397165 0.596769 0.797563 0.999879 1.203995 1.410108 1.618318 1.828599 2.040767 2.254443 2.469015 2.683588 2.896935 3.107450 3.313101 3.511403 3.699406 3.873736 4.030676 4.166325 4.276829 4.358676 4.409027 4.426026 4.409027 4.358676 4.276829 4.166325 4.030676 3.873736 3.699406 3.511403 3.313101 3.107450 2.896935 2.683588 2.469015 2.254443 2.040767 1.828599 1.618318 1.410108 1.203995 0.999879 0.797563 0.596769 0.397165 0.198376 0.000000 
0.000000 0.213682 0.427882 0.643106 0.859835 1.078514 1.299529 1.523194 1.749725 1.979209 2.211576 2.446546 2.683588 2.921857 3.160127 3.396719 3.629429 3.855466 4.071413 4.273234 4.456348 4.615807 4.746586 4.843995 4.904162 4.924518 4.904162 4.843995 4.746586 4.615807 4.456348 4.273234 4.071413 3.855466 3.629429 3.396719 3.160127 2.921857 2.683588 2.446546 2.211576 1.979209 1.749725 1.523194 1.299529 1.078514 0.859835 0.643106 0.427882 0.213682 0.000000 
0.000000 0.228470 0.457574 0.687937 0.920160 1.154812 1.392413 1.633415 1.878177 2.126939 2.379781 2.636577 2.896935 3.160127 3.424999 3.689871 3.952430 4.209620 4.457549 4.691441 4.905677 5.093970 5.249717 5.366559 5.439109 5.463724 5.439109 5.366559 5.249717 5.093970 4.905677 4.691441 4.457549 4.209620 3.952430 3.689871 3.424999 3.160127 2.896935 2.636577 2.379781 2.126939 1.878177 1.633415 1.392413 1.154812 0.920160 0.687937 0.457574 0.228470 0.000000 
0.000000 0.242624 0.486009 0.730908 0.978055 1.228162 1.481898 1.739876 2.002630 2.270589 2.544033 2.823046 3.107451 3.396719 3.689871 3.985337 4.280802 4.573038 4.857723 5.129305 5.380953 5.604683 5.791754 5.933415 6.021995 6.052162 6.021995 5.933415 5.791754 5.604683 5.380953 5.129305 4.857723 4.573038 4.280802 3.985337 3.689871 3.396719 3.107451 2.823046 2.544033 2.270589 2.002630 1.739876 1.481898 1.228162 0.978055 0.730908 0.486009 0.242624 0.000000 
0.000000 0.256018 0.512931 0.771629 1.032992 1.297884 1.567141 1.841561 2.121881 2.408756 2.702717 3.004126 3.313102 3.629430 3.952431 4.280803 4.612406 4.944010 5.271004 5.587107 5.884150 6.152056 6.379202 6.553356 6.663296 6.700936 6.663296 6.553356 6.379202 6.152056 5.884150 5.587107 5.271004 4.944010 4.612406 4.280803 3.952431 3.629430 3.313102 3.004126 2.702717 2.408756 2.121881 1.841561 1.567141 1.297884 1.032992 0.771629 0.512931 0.256018 0.000000 
0.000000 0.268517 0.538068 0.809685 1.084401 1.363241 1.647223 1.937346 2.234578 2.539836 2.853954 3.177640 3.511405 3.855468 4.209621 4.573040 4.944011 5.319594 5.695179 6.063972 6.416485 6.740191 7.019646 7.237513 7.376900 7.424992 7.376900 7.237513 7.019646 6.740191 6.416485 6.063972 5.695179 5.319594 4.944011 4.573040 4.209621 3.855468 3.511405 3.177640 2.853954 2.539836 2.234578 1.937346 1.647223 1.363241 1.084401 0.809685 0.538068 0.268517 0.000000 
0.000000 0.279982 0.561138 0.844644 1.131686 1.423458 1.721165 2.026023 2.339249 2.662056 2.995626 3.341077 3.699409 4.071415 4.457551 4.857725 5.271005 5.695179 6.126149 6.557119 6.977630 7.372580 7.721679 8.000151 8.181803 8.245234 8.181803 8.000151 7.721679 7.372580 6.977630 6.557119 6.126149 5.695179 5.271005 4.857725 4.457551 4.071415 3.699409 3.341077 2.995626 2.662056 2.339249 2.026023 1.721165 1.423458 1.131686 0.844644 0.561138 0.279982 0.000000 
0.000000 0.290274 0.581857 0.876067 1.174241 1.477739 1.787957 2.106331 2.434342 2.773516 3.125417 3.491633 3.873739 4.273236 4.691443 5.129307 5.587109 6.063973 6.557120 7.060729 7.564339 8.050820 8.494342 8.859612 9.104932 9.192345 9.104932 8.859612 8.494342 8.050820 7.564339 7.060729 6.557120 6.063973 5.587109 5.129307 4.691443 4.273236 3.873739 3.491633 3.125417 2.773516 2.434342 2.106331 1.787957 1.477739 1.174241 0.876067 0.581857 0.290274 0.000000 
0.000000 0.299257 0.599950 0.903528 1.211472 1.525300 1.846593 2.177004 2.518274 2.872249 3.240895 3.626300 4.030679 4.456351 4.905680 5.380955 5.884151 6.416486 6.977631 7.564339 8.168180 8.772022 9.345261 9.839031 10.185973 10.314286 10.185973 9.839031 9.345261 8.772022 8.168180 7.564339 6.977631 6.416486 5.884151 5.380955 4.905680 4.456351 4.030679 3.626300 3.240895 2.872249 2.518274 2.177004 1.846593 1.525300 1.211472 0.903528 0.599950 0.299257 0.000000 
0.000000 0.306804 0.615156 0.926625 1.242818 1.565398 1.896114 2.236818 2.589501 2.956314 3.339614 3.741994 4.166328 4.615810 5.093973 5.604685 6.152058 6.740192 7.372580 8.050820 8.772023 9.523835 10.275651 10.965283 11.485649 11.692857 11.485649 10.965283 10.275651 9.523835 8.772023 8.050820 7.372580 6.740192 6.152058 5.604685 5.093973 4.615810 4.166328 3.741994 3.339614 2.956314 2.589501 2.236818 1.896114 1.565398 1.242818 0.926625 0.615156 0.306804 0.000000 
0.000000 0.312802 0.627247 0.945000 1.267776 1.597360 1.935645 2.284656 2.646597 3.023894 3.419254 3.835734 4.276832 4.746589 5.249719 5.791756 6.379204 7.019647 7.721680 8.494343 9.345261 10.275650 11.268228 12.260807 13.098489 13.485847 13.098489 12.260807 11.268228 10.275650 9.345261 8.494343 7.721680 7.019647 6.379204 5.791756 5.249719 4.746589 4.276832 3.835734 3.419254 3.023894 2.646597 2.284656 1.935645 1.597360 1.267776 0.945000 0.627247 0.312802 0.000000 
0.000000 0.317158 0.636029 0.958353 1.285924 1.620624 1.964451 2.319566 2.688339 3.073413 3.477774 3.904859 4.358679 4.843997 5.366561 5.933418 6.553359 7.237515 8.000153 8.859614 9.839032 10.965283 12.260806 13.711230 15.161657 16.053555 15.161657 13.711230 12.260806 10.965283 9.839032 8.859614 8.000153 7.237515 6.553359 5.933418 5.366561 4.843997 4.358679 3.904859 3.477774 3.073413 2.688339 2.319566 1.964451 1.620624 1.285924 0.958353 0.636029 0.317158 0.000000 
0.000000 0.319800 0.641358 0.966458 1.296946 1.634760 1.981969 2.340818 2.713783 3.103644 3.513572 3.947249 4.409029 4.904164 5.439112 6.021998 6.663299 7.376903 8.181806 9.104935 10.185975 11.485650 13.098490 15.161657 17.783360 20.405066 17.783360 15.161657 13.098490 11.485650 10.185975 9.104935 8.181806 7.376903 6.663299 6.021998 5.439112 4.904164 4.409029 3.947249 3.513572 3.103644 2.713783 2.340818 1.981969 1.634760 1.296946 0.966458 0.641358 0.319800 0.000000 
0.000000 0.320686 0.643144 0.969176 1.300642 1.639503 1.987849 2.347954 2.722332 3.113811 3.525622 3.961537 4.426028 4.924520 5.463727 6.052165 6.700939 7.424995 8.245237 9.192348 10.314287 11.692857 13.485847 16.053555 20.405066 30.000000 20.405066 16.053555 13.485847 11.692857 10.314287 9.192348 8.245237 7.424995 6.700939 6.052165 5.463727 4.924520 4.426028 3.961537 3.525622 3.113811 2.722332 2.347954 1.987849 1.639503 1.300642 0.969176 0.643144 0.320686 0.000000 
0.000000 0.319800 0.641358 0.966458 1.296946 1.634760 1.981969 2.340818 2.713783 3.103644 3.513572 3.947249 4.409029 4.904164 5.439111 6.021997 6.663299 7.376903 8.181806 9.104935 10.185975 11.485650 13.098490 15.161657 17.783360 20.405066 17.783360 15.161657 13.098490 11.485650 10.185975 9.104935 8.181806 7.376903 6.663299 6.021997 5.439111 4.904164 4.409029 3.947249 3.513572 3.103644 2.713783 2.340818 1.981969 1.634760 1.296946 0.966458 0.641358 0.319800 0.000000 
0.000000 0.317158 0.636029 0.958353 1.285924 1.620624 1.964451 2.319566 2.688339 3.073413 3.477774 3.904858 4.358678 4.843997 5.366560 5.933417 6.553359 7.237515 8.000153 8.859614 9.839032 10.965283 12.260807 13.711231 15.161657 16.053555 15.161657 13.711231 12.260807 10.965283 9.839032 8.859614 8.000153 7.237515 6.553359 5.933417 5.366560 4.843997 4.358678 3.904858 3.477774 3.073413 2.688339 2.319566 1.964451 1.620624 1.285924 0.958353 0.636029 0.317158 0.000000 
0.000000 0.312802 0.627247 0.945000 1.267776 1.597360 1.935645 2.284657 2.646597 3.023894 3.419254 3.835734 4.276831 4.746588 5.249718 5.791756 6.379204 7.019648 7.721681 8.494345 9.345263 10.275652 11.268229 12.260808 13.098489 13.485847 13.098489 12.260808 11.268229 10.275652 9.345263 8.494345 7.721681 7.019648 6.379204 5.791756 5.249718 4.746588 4.276831 3.835734 3.419254 3.023894 2.646597 2.284657 1.935645 1.597360 1.267776 0.945000 0.627247 0.312802 0.000000 
0.000000 0.306804 0.615156 0.926625 1.242818 1.565398 1.896114 2.236819 2.589501 2.956314 3.339614 3.741993 4.166327 4.615809 5.093972 5.604684 6.152058 6.740193 7.372582 8.050822 8.772025 9.523837 10.275652 10.965285 11.485650 11.692858 11.485650 10.965285 10.275652 9.523837 8.772025 8.050822 7.372582 6.740193 6.152058 5.604684 5.093972 4.615809 4.166327 3.741993 3.339614 2.956314 2.589501 2.236819 1.896114 1.565398 1.242818 0.926625 0.615156 0.306804 0.000000 
0.000000 0.299257 0.599950 0.903528 1.211472 1.525300 1.846593 2.177004 2.518274 2.872249 3.240895 3.626299 4.030678 4.456350 4.905679 5.380955 5.884152 6.416487 6.977633 7.564341 8.168181 8.772025 9.345262 9.839033 10.185975 10.314288 10.185975 9.839033 9.345262 8.772025 8.168181 7.564341 6.977633 6.416487 5.884152 5.380955 4.905679 4.456350 4.030678 3.626299 3.240895 2.872249 2.518274 2.177004 1.846593 1.525300 1.211472 0.903528 0.599950 0.299257 0.000000 
0.000000 0.290274 0.581857 0.876067 1.174241 1.477739 1.787957 2.106331 2.434342 2.773516 3.125417 3.491632 3.873738 4.273236 4.691442 5.129307 5.587109 6.063974 6.557121 7.060730 7.564341 8.050821 8.494343 8.859614 9.104935 9.192348 9.104935 8.859614 8.494343 8.050821 7.564341 7.060730 6.557121 6.063974 5.587109 5.129307 4.691442 4.273236 3.873738 3.491632 3.125417 2.773516 2.434342 2.106331 1.787957 1.477739 1.174241 0.876067 0.581857 0.290274 0.000000 
0.000000 0.279982 0.561138 0.844644 1.131686 1.423458 1.721165 2.026022 2.339249 2.662056 2.995626 3.341076 3.699408 4.071415 4.457551 4.857726 5.271006 5.695181 6.126151 6.557121 6.977632 7.372581 7.721681 8.000153 8.181806 8.245237 8.181806 8.000153 7.721681 7.372581 6.977632 6.557121 6.126151 5.695181 5.271006 4.857726 4.457551 4.071415 3.699408 3.341076 2.995626 2.662056 2.339249 2.026022 1.721165 1.423458 1.131686 0.844644 0.561138 0.279982 0.000000 
0.000000 0.268517 0.538068 0.809685 1.084401 1.363241 1.647223 1.937346 2.234578 2.539835 2.853954 3.177640 3.511404 3.855467 4.209621 4.573040 4.944011 5.319596 5.695181 6.063974 6.416487 6.740193 7.019647 7.237514 7.376903 7.424995 7.376903 7.237514 7.019647 6.740193 6.416487 6.063974 5.695181 5.319596 4.944011 4.573040 4.209621 3.855467 3.511404 3.177640 2.853954 2.539835 2.234578 1.937346 1.647223 1.363241 1.084401 0.809685 0.538068 0.268517 0.000000 
0.000000 0.256018 0.512931 0.771629 1.032992 1.297884 1.567141 1.841561 2.121881 2.408755 2.702717 3.004126 3.313102 3.629430 3.952431 4.280803 4.612406 4.944012 5.271006 5.587109 5.884151 6.152058 6.379204 6.553359 6.663299 6.700939 6.663299 6.553359 6.379204 6.152058 5.884151 5.587109 5.271006 4.944012 4.612406 4.280803 3.952431 3.629430 3.313102 3.004126 2.702717 2.408755 2.121881 1.841561 1.567141 1.297884 1.032992 0.771629 0.512931 0.256018 0.000000 
0.000000 0.242624 0.486009 0.730907 0.978055 1.228162 1.481898 1.739876 2.002630 2.270589 2.544033 2.823046 3.107451 3.396720 3.689872 3.985337 4.280803 4.573040 4.857725 5.129307 5.380955 5.604685 5.791756 5.933418 6.021998 6.052165 6.021998 5.933418 5.791756 5.604685 5.380955 5.129307 4.857725 4.573040 4.280803 3.985337 3.689872 3.396720 3.107451 2.823046 2.544033 2.270589 2.002630 1.739876 1.481898 1.228162 0.978055 0.730907 0.486009 0.242624 0.000000 
0.000000 0.228470 0.457574 0.687937 0.920160 1.154812 1.392413 1.633415 1.878177 2.126939 2.379781 2.636577 2.896936 3.160128 3.425000 3.689872 3.952431 4.209621 4.457551 4.691443 4.905680 5.093973 5.249720 5.366561 5.439113 5.463727 5.439113 5.366561 5.249720 5.093973 4.905680 4.691443 4.457551 4.209621 3.952431 3.689872 3.425000 3.160128 2.896936 2.636577 2.379781 2.126939 1.878177 1.633415 1.392413 1.154812 0.920160 0.687937 0.457574 0.228470 0.000000 
0.000000 0.213682 0.427882 0.643106 0.859836 1.078514 1.299529 1.523194 1.749725 1.979210 2.211576 2.446546 2.683589 2.921859 3.160129 3.396720 3.629430 3.855468 4.071415 4.273237 4.456351 4.615810 4.746590 4.843998 4.904166 4.924521 4.904166 4.843998 4.746590 4.615810 4.456351 4.273237 4.071415 3.855468 3.629430 3.396720 3.160129 2.921859 2.683589 2.446546 2.211576 1.979210 1.749725 1.523194 1.299529 1.078514 0.859836 0.643106 0.427882 0.213682 0.000000 
0.000000 0.198376 0.397165 0.596769 0.797563 0.999879 1.203995 1.410108 1.618318 1.828600 2.040767 2.254444 2.469016 2.683589 2.896936 3.107451 3.313103 3.511405 3.699409 3.873739 4.030679 4.166329 4.276833 4.358680 4.409031 4.426030 4.409031 4.358680 4.276833 4.166329 4.030679 3.873739 3.699409 3.511405 3.313103 3.107451 2.896936 2.683589 2.469016 2.254444 2.040767 1.828600 1.618318 1.410108 1.203995 0.999879 0.797563 0.596769 0.397165 0.198376 0.000000 
0.000000 0.182656 0.365634 0.549244 0.733768 0.919446 1.106463 1.294925 1.484842 1.676104 1.868452 2.061448 2.254444 2.446547 2.636578 2.823047 3.004127 3.177640 3.341077 3.491633 3.626300 3.741995 3.835735 3.904860 3.947250 3.961538 3.947250 3.904860 3.835735 3.741995 3.626300 3.491633 3.341077 3.177640 3.004127 2.823047 2.636578 2.446547 2.254444 2.061448 1.868452 1.676104 1.484842 1.294925 1.106463 0.919446 0.733768 0.549244 0.365634 0.182656 0.000000 
0.000000 0.166614 0.333471 0.500804 0.668818 0.837676 1.007487 1.178288 1.350022 1.522523 1.695487 1.868452 2.040768 2.211576 2.379782 2.544034 2.702718 2.853955 2.995626 3.125417 3.240895 3.339615 3.419255 3.477775 3.513573 3.525624 3.513573 3.477775 3.419255 3.339615 3.240895 3.125417 2.995626 2.853955 2.702718 2.544034 2.379782 2.211576 2.040768 1.868452 1.695487 1.522523 1.350022 1.178288 1.007487 0.837676 0.668818 0.500804 0.333471 0.166614 0.000000 
0.000000 0.150327 0.300833 0.451685 0.603023 0.754952 0.907522 1.060717 1.214437 1.368480 1.522524 1.676104 1.828600 1.979210 2.126940 2.270590 2.408756 2.539836 2.662057 2.773516 2.872250 2.956315 3.023896 3.073414 3.103646 3.113812 3.103646 3.073414 3.023896 2.956315 2.872250 2.773516 2.662057 2.539836 2.408756 2.270590 2.126940 1.979210 1.828600 1.676104 1.522524 1.368480 1.214437 1.060717 0.907522 0.754952 0.603023 0.451685 0.300833 0.150327 0.000000 
0.000000 0.133862 0.267850 0.402079 0.536639 0.671587 0.806932 0.942622 1.078529 1.214437 1.350023 1.484843 1.618319 1.749725 1.878178 2.002631 2.121881 2.234578 2.339250 2.434343 2.518274 2.589501 2.646598 2.688340 2.713784 2.722333 2.713784 2.688340 2.646598 2.589501 2.518274 2.434343 2.339250 2.234578 2.121881 2.002631 1.878178 1.749725 1.618319 1.484843 1.350023 1.214437 1.078529 0.942622 0.806932 0.671587 0.536639 0.402079 0.267850 0.133862 0.000000 
0.000000 0.117272 0.234627 0.352141 0.469867 0.587825 0.705998 0.824310 0.942622 1.060717 1.178288 1.294925 1.410108 1.523194 1.633416 1.739877 1.841562 1.937347 2.026023 2.106332 2.177004 2.236819 2.284657 2.319567 2.340819 2.347955 2.340819 2.319567 2.284657 2.236819 2.177004 2.106332 2.026023 1.937347 1.841562 1.739877 1.633416 1.523194 1.410108 1.294925 1.178288 1.060717 0.942622 0.824310 0.705998 0.587825 0.469867 0.352141 0.234627 0.117272 0.000000 
0.000000 0.100597 0.201246 0.301992 0.402861 0.503851 0.604924 0.705998 0.806932 0.907522 1.007487 1.106463 1.203995 1.299529 1.392414 1.481899 1.567142 1.647224 1.721166 1.787958 1.846594 1.896114 1.935646 1.964452 1.981970 1.987849 1.981970 1.964452 1.935646 1.896114 1.846594 1.787958 1.721166 1.647224 1.567142 1.481899 1.392414 1.299529 1.203995 1.106463 1.007487 0.907522 0.806932 0.705998 0.604924 0.503851 0.402861 0.301992 0.201246 0.100597 0.000000 
0.000000 0.083869 0.167769 0.251721 0.335734 0.419792 0.503851 0.587825 0.671587 0.754952 0.837676 0.919447 0.999880 1.078514 1.154813 1.228163 1.297885 1.363242 1.423458 1.477739 1.525301 1.565398 1.597361 1.620625 1.634761 1.639503 1.634761 1.620625 1.597361 1.565398 1.525301 1.477739 1.423458 1.363242 1.297885 1.228163 1.154813 1.078514 0.999880 0.919447 0.837676 0.754952 0.671587 0.587825 0.503851 0.419792 0.335734 0.251721 0.167769 0.083869 0.000000 
0.000000 0.067112 0.134239 0.201390 0.268562 0.335734 0.402861 0.469867 0.536639 0.603023 0.668818 0.733768 0.797563 0.859836 0.920160 0.978056 1.032993 1.084401 1.131686 1.174241 1.211472 1.242818 1.267776 1.285925 1.296947 1.300643 1.296947 1.285925 1.267776 1.242818 1.211472 1.174241 1.131686 1.084401 1.032993 0.978056 0.920160 0.859836 0.797563 0.733768 0.668818 0.603023 0.536639 0.469867 0.402861 0.335734 0.268562 0.201390 0.134239 0.067112 0.000000 
0.000000 0.050339 0.100684 0.151037 0.201390 0.251721 0.301992 0.352141 0.402079 0.451685 0.500804 0.549244 0.596770 0.643106 0.687937 0.730908 0.771629 0.809686 0.844644 0.876068 0.903529 0.926626 0.945000 0.958353 0.966458 0.969176 0.966458 0.958353 0.945000 0.926626 0.903529 0.876068 0.844644 0.809686 0.771629 0.730908 0.687937 0.643106 0.596770 0.549244 0.500804 0.451685 0.402079 0.352141 0.301992 0.251721 0.201390 0.151037 0.100684 0.050339 0.000000 
0.000000 0.033560 0.067122 0.100684 0.134239 0.167769 0.201246 0.234627 0.267851 0.300834 0.333471 0.365634 0.397165 0.427882 0.457575 0.486009 0.512931 0.538068 0.561138 0.581857 0.599950 0.615157 0.627247 0.636029 0.641358 0.643144 0.641358 0.636029 0.627247 0.615157 0.599950 0.581857 0.561138 0.538068 0.512931 0.486009 0.457575 0.427882 0.397165 0.365634 0.333471 0.300834 0.267851 0.234627 0.201246 0.167769 0.134239 0.100684 0.067122 0.033560 0.000000 
0.000000 0.016780 0.033560 0.050339 0.067112 0.083869 0.100597 0.117272 0.133862 0.150327 0.166614 0.182656 0.198376 0.213682 0.228470 0.242624 0.256018 0.268517 0.279982 0.290274 0.299257 0.306804 0.312802 0.317158 0.319800 0.320686 0.319800 0.317158 0.312802 0.306804 0.299257 0.290274 0.279982 0.268517 0.256018 0.242624 0.228470 0.213682 0.198376 0.182656 0.166614 0.150327 0.133862 0.117272 0.100597 0.083869 0.067112 0.050339 0.033560 0.016780 0.000000 
0.000000 0.000000 0.000000 0.000000 0.000000 0.000000 0.000000 0.000000 0.000000 0.000000 0.000000 0.000000 0.000000 0.000000 0.000000 0.000000 0.000000 0.000000 0.000000 0.000000 0.000000 0.000000 0.000000 0.000000 0.000000 0.000000 0.000000 0.000000 0.000000 0.000000 0.000000 0.000000 0.000000 0.000000 0.000000 0.000000 0.000000 0.000000 0.000000 0.000000 0.000000 0.000000 0.000000 0.000000 0.000000 0.000000 0.000000 0.000000 0.000000 0.000000 0.000000 
